#Solution of linear sistem Ax = b through Gauss-Seidel algorithm. A is 100x100 matrix. x and b are 100vectors.
# 1-solution             
0                        
0                        
0                        
0                        
0                        
0                        
0                        
0                        
0                        
0                        
0                        
0                        
0                        
0                        
0                        
0                        
0                        
0                        
0                        
0                        
0                        
0                        
0                        
0                        
0                        
0                        
0                        
0                        
0                        
0                        
0                        
0                        
0                        
0                        
0                        
0                        
0                        
0                        
0                        
0                        
0                        
0                        
0                        
0                        
0                        
0                        
0                        
0                        
0                        
0                        
-0                       
-0                       
-0                       
-0                       
-0                       
-0                       
-0                       
-0                       
-0                       
-0                       
-0                       
-0                       
-0                       
-0                       
-0                       
-0                       
-0                       
-0                       
-0                       
-0                       
-0                       
-0                       
-0                       
-0                       
-0                       
-0                       
-0                       
-0                       
-0                       
-0                       
-0                       
-0                       
-0                       
-0                       
-0                       
-0                       
-0                       
-0                       
-0                       
-0                       
-0                       
-0                       
-0                       
-0                       
3.34898e-07              
4.15832e-06              
4.95975e-05              
0.000591017              
0.0070426                
0.0839202                
