#Solution of linear sistem Ax = b through Gauss-Seidel algorithm. A is 100x100 matrix. x and b are 100vectors.
# 1-solution             
0                        
0                        
0                        
0                        
0                        
0                        
0                        
0                        
0                        
0                        
0                        
0                        
0                        
0                        
0                        
0                        
0                        
0                        
0                        
0                        
0                        
0                        
0                        
0                        
0                        
0                        
0                        
0                        
0                        
0                        
0                        
0                        
0                        
0                        
0                        
0                        
0                        
0                        
0                        
0                        
0                        
0                        
0                        
0                        
0                        
0                        
0                        
0                        
0                        
0                        
-0                       
-0                       
-0                       
-0                       
-0                       
-0                       
-0                       
-0                       
-0                       
-0                       
-0                       
-0                       
-0                       
-0                       
-0                       
-0                       
-0                       
-0                       
-0                       
-0                       
-0                       
-0                       
-0                       
-0                       
-0                       
-0                       
-0                       
-0                       
-0                       
-0                       
-0                       
-0                       
-0                       
7.74352e-09              
6.45294e-08              
3.01997e-07              
1.07033e-06              
3.26318e-06              
9.17694e-06              
2.47805e-05              
6.5675e-05               
0.000172704              
0.000452816              
0.00118603               
0.00310548               
0.00813053               
0.0212862                
0.0557281                
0.145898                 
0.381966                 
