#Solution of linear sistem Ax = b through Gauss-Seidel algorithm. A is 100x100 matrix. x and b are 100vectors.
# 1-solution             
0.00986811               
0.0197363                
0.0296046                
0.0394729                
0.0493415                
0.0592102                
0.0690792                
0.0789484                
0.0888179                
0.0986877                
0.108558                 
0.118428                 
0.128299                 
0.138171                 
0.148042                 
0.157915                 
0.167788                 
0.177661                 
0.187535                 
0.197409                 
0.207284                 
0.21716                  
0.227037                 
0.236914                 
0.246792                 
0.25667                  
0.266549                 
0.276429                 
0.28631                  
0.296192                 
0.306075                 
0.315958                 
0.325842                 
0.335727                 
0.345613                 
0.3555                   
0.365388                 
0.375277                 
0.385166                 
0.395057                 
0.404949                 
0.414841                 
0.424735                 
0.434629                 
0.444525                 
0.454421                 
0.464319                 
0.474217                 
0.484117                 
0.494017                 
0.503919                 
0.513821                 
0.523725                 
0.533629                 
0.543535                 
0.553441                 
0.563348                 
0.573257                 
0.583166                 
0.593076                 
0.602988                 
0.6129                   
0.622813                 
0.632727                 
0.642642                 
0.652558                 
0.662474                 
0.672392                 
0.68231                  
0.692229                 
0.702149                 
0.71207                  
0.721991                 
0.731913                 
0.741836                 
0.75176                  
0.761684                 
0.771609                 
0.781535                 
0.791461                 
0.801387                 
0.811315                 
0.821243                 
0.831171                 
0.8411                   
0.851029                 
0.860958                 
0.870888                 
0.880819                 
0.890749                 
0.90068                  
0.910612                 
0.920543                 
0.930475                 
0.940407                 
0.950339                 
0.960271                 
0.970203                 
0.980135                 
0.990068                 
