#Details of solution of linear sistem Ax = b through Gauss-Seidel algorithm. A is 10000x10000 matrix. x and b are 10000vectors.
# 1-iterations 2-residual (LinfNorm)    
1              0.5                      
2              0.25                     
3              0.125                    
4              0.09375                  
5              0.0703125                
6              0.0546875                
7              0.046875                 
8              0.0402832                
9              0.0349121                
10             0.0305481                
11             0.027771                 
12             0.0252914                
13             0.0231028                
14             0.0211775                
15             0.0194833                
16             0.0182656                
17             0.0171423                
18             0.0161106                
19             0.0151649                
20             0.0142983                
21             0.0135039                
22             0.0128901                
23             0.0123122                
24             0.011769                 
25             0.011259                 
26             0.0107804                
27             0.0103312                
28             0.00990951               
29             0.00956781               
30             0.00924163               
31             0.00893055               
32             0.00863403               
33             0.00835146               
34             0.00808221               
35             0.00782563               
36             0.00758108               
37             0.00737619               
38             0.00717873               
39             0.00698853               
40             0.00680536               
41             0.006629                 
42             0.00645921               
43             0.00629574               
44             0.00613835               
45             0.00598678               
46             0.00585664               
47             0.00573034               
48             0.00560782               
49             0.00548897               
50             0.0053737                
51             0.00526191               
52             0.00515349               
53             0.00504834               
54             0.00494636               
55             0.00484743               
56             0.00476087               
57             0.00467644               
58             0.00459409               
59             0.00451379               
60             0.00443549               
61             0.00435914               
62             0.0042847                
63             0.00421211               
64             0.00414133               
65             0.00407231               
66             0.004005                 
67             0.00394522               
68             0.00388668               
69             0.00382937               
70             0.00377325               
71             0.0037183                
72             0.00366451               
73             0.00361184               
74             0.00356028               
75             0.00350979               
76             0.00346036               
77             0.00341197               
78             0.00336458               
79             0.00332199               
80             0.00328015               
81             0.00323906               
82             0.0031987                
83             0.00315906               
84             0.00312013               
85             0.00308189               
86             0.00304434               
87             0.00300746               
88             0.00297123               
89             0.00293565               
90             0.0029007                
91             0.00286637               
92             0.00283522               
93             0.00280454               
94             0.00277433               
95             0.00274458               
96             0.0027153                
97             0.00268646               
98             0.00265807               
99             0.00263012               
100            0.00260259               
101            0.00257549               
102            0.00254881               
103            0.00252253               
104            0.00249666               
105            0.00247118               
106            0.00244787               
107            0.00242487               
108            0.00240217               
109            0.00237978               
110            0.00235769               
111            0.0023359                
112            0.0023144                
113            0.00229319               
114            0.00227226               
115            0.00225161               
116            0.00223124               
117            0.00221114               
118            0.00219131               
119            0.00217174               
120            0.00215244               
121            0.00213465               
122            0.00211707               
123            0.0020997                
124            0.00208253               
125            0.00206556               
126            0.0020488                
127            0.00203223               
128            0.00201586               
129            0.00199968               
130            0.00198369               
131            0.00196789               
132            0.00195227               
133            0.00193684               
134            0.00192159               
135            0.00190652               
136            0.00189162               
137            0.00187782               
138            0.00186415               
139            0.00185063               
140            0.00183725               
141            0.00182401               
142            0.00181091               
143            0.00179794               
144            0.00178511               
145            0.00177242               
146            0.00175986               
147            0.00174742               
148            0.00173512               
149            0.00172295               
150            0.0017109                
151            0.00169898               
152            0.00168718               
153            0.0016755                
154            0.00166462               
155            0.00165384               
156            0.00164316               
157            0.00163259               
158            0.00162211               
159            0.00161172               
160            0.00160144               
161            0.00159125               
162            0.00158115               
163            0.00157115               
164            0.00156124               
165            0.00155142               
166            0.0015417                
167            0.00153207               
168            0.00152252               
169            0.00151306               
170            0.0015037                
171            0.00149441               
172            0.00148572               
173            0.00147711               
174            0.00146857               
175            0.00146009               
176            0.00145169               
177            0.00144336               
178            0.0014351                
179            0.00142691               
180            0.00141878               
181            0.00141072               
182            0.00140274               
183            0.00139481               
184            0.00138696               
185            0.00137917               
186            0.00137144               
187            0.00136378               
188            0.00135618               
189            0.00134865               
190            0.00134118               
191            0.00133415               
192            0.00132719               
193            0.00132027               
194            0.0013134                
195            0.00130659               
196            0.00129983               
197            0.00129312               
198            0.00128646               
199            0.00127985               
200            0.00127329               
201            0.00126678               
202            0.00126032               
203            0.00125391               
204            0.00124755               
205            0.00124123               
206            0.00123496               
207            0.00122874               
208            0.00122257               
209            0.00121644               
210            0.00121036               
211            0.00120462               
212            0.00119892               
213            0.00119327               
214            0.00118765               
215            0.00118207               
216            0.00117652               
217            0.00117102               
218            0.00116555               
219            0.00116012               
220            0.00115473               
221            0.00114937               
222            0.00114405               
223            0.00113877               
