#Details of solution of linear sistem Ax = b through Gauss-Seidel algorithm. A is 100x100 matrix. x and b are 100vectors.
# 1-iterations 2-residual (LinfNorm)    
1              0.5                      
2              0.25                     
3              0.125                    
4              0.09375                  
5              0.0703125                
6              0.0546875                
7              0.046875                 
8              0.0402832                
9              0.0349121                
10             0.0305481                
11             0.027771                 
12             0.0252914                
13             0.0231028                
14             0.0211775                
15             0.0194833                
16             0.0182656                
17             0.0171423                
18             0.0161106                
19             0.0151649                
20             0.0142983                
21             0.0135039                
22             0.0128901                
23             0.0123122                
24             0.011769                 
25             0.011259                 
26             0.0107804                
27             0.0103312                
28             0.00990951               
29             0.00956781               
30             0.00924163               
31             0.00893055               
32             0.00863403               
33             0.00835146               
34             0.00808221               
35             0.00782563               
36             0.00758108               
37             0.00737619               
38             0.00717873               
39             0.00698853               
40             0.00680536               
41             0.006629                 
42             0.00645921               
43             0.00629574               
44             0.00613835               
45             0.00598678               
46             0.00585664               
47             0.00573034               
48             0.00560782               
49             0.00548897               
50             0.0053737                
51             0.00526191               
52             0.00515349               
53             0.00504834               
54             0.00494636               
55             0.00484743               
56             0.00476087               
57             0.00467644               
58             0.00459409               
59             0.00451379               
60             0.00443549               
61             0.00435914               
62             0.0042847                
63             0.00421211               
64             0.00414133               
65             0.00407231               
66             0.004005                 
67             0.00394522               
68             0.00388668               
69             0.00382937               
70             0.00377325               
71             0.0037183                
72             0.00366451               
73             0.00361184               
74             0.00356028               
75             0.00350979               
76             0.00346036               
77             0.00341197               
78             0.00336458               
79             0.00332199               
80             0.00328015               
81             0.00323906               
82             0.0031987                
83             0.00315906               
84             0.00312013               
85             0.00308189               
86             0.00304434               
87             0.00300746               
88             0.00297123               
89             0.00293565               
90             0.0029007                
91             0.00286637               
92             0.00283522               
93             0.00280454               
94             0.00277433               
95             0.00274458               
96             0.0027153                
97             0.00268646               
98             0.00265807               
99             0.00263012               
100            0.00260259               
101            0.00257549               
102            0.00254881               
103            0.00252253               
104            0.00249666               
105            0.00247118               
106            0.00244787               
107            0.00242487               
108            0.00240217               
109            0.00237978               
110            0.00235769               
111            0.0023359                
112            0.0023144                
113            0.00229319               
114            0.00227226               
115            0.00225161               
116            0.00223124               
117            0.00221114               
118            0.00219131               
119            0.00217174               
120            0.00215244               
121            0.00213465               
122            0.00211707               
123            0.0020997                
124            0.00208253               
125            0.00206556               
126            0.0020488                
127            0.00203223               
128            0.00201586               
129            0.00199968               
130            0.00198369               
131            0.00196789               
132            0.00195227               
133            0.00193684               
134            0.00192159               
135            0.00190652               
136            0.00189162               
137            0.00187782               
138            0.00186415               
139            0.00185063               
140            0.00183725               
141            0.00182401               
142            0.00181091               
143            0.00179794               
144            0.00178511               
145            0.00177242               
146            0.00175986               
147            0.00174742               
148            0.00173512               
149            0.00172295               
150            0.0017109                
151            0.00169898               
152            0.00168718               
153            0.0016755                
154            0.00166462               
155            0.00165384               
156            0.00164316               
157            0.00163259               
158            0.00162211               
159            0.00161172               
160            0.00160144               
161            0.00159125               
162            0.00158115               
163            0.00157115               
164            0.00156124               
165            0.00155142               
166            0.0015417                
167            0.00153207               
168            0.00152252               
169            0.00151306               
170            0.0015037                
171            0.00149441               
172            0.00148572               
173            0.00147711               
174            0.00146857               
175            0.00146009               
176            0.00145169               
177            0.00144336               
178            0.0014351                
179            0.00142691               
180            0.00141878               
181            0.00141072               
182            0.00140274               
183            0.00139481               
184            0.00138696               
185            0.00137917               
186            0.00137144               
187            0.00136378               
188            0.00135618               
189            0.00134865               
190            0.00134118               
191            0.00133415               
192            0.00132719               
193            0.00132027               
194            0.0013134                
195            0.00130659               
196            0.00129983               
197            0.00129312               
198            0.00128646               
199            0.00127985               
200            0.00127329               
201            0.00126678               
202            0.00126032               
203            0.00125391               
204            0.00124755               
205            0.00124123               
206            0.00123496               
207            0.00122874               
208            0.00122257               
209            0.00121644               
210            0.00121036               
211            0.00120462               
212            0.00119892               
213            0.00119327               
214            0.00118765               
215            0.00118207               
216            0.00117652               
217            0.00117102               
218            0.00116555               
219            0.00116012               
220            0.00115473               
221            0.00114937               
222            0.00114405               
223            0.00113877               
224            0.00113352               
225            0.00112831               
226            0.00112314               
227            0.001118                 
228            0.00111289               
229            0.00110782               
230            0.00110279               
231            0.00109779               
232            0.00109306               
233            0.00108835               
234            0.00108368               
235            0.00107904               
236            0.00107442               
237            0.00106983               
238            0.00106528               
239            0.00106075               
240            0.00105625               
241            0.00105177               
242            0.00104733               
243            0.00104291               
244            0.00103852               
245            0.00103416               
246            0.00102982               
247            0.00102552               
248            0.00102124               
249            0.00101698               
250            0.00101275               
251            0.00100855               
252            0.00100437               
253            0.00100022               
254            0.000996285              
255            0.00099237               
256            0.000988477              
257            0.000984606              
258            0.000980757              
259            0.00097693               
260            0.000973125              
261            0.000969342              
262            0.00096558               
263            0.00096184               
264            0.000958121              
265            0.000954423              
266            0.000950747              
267            0.000947091              
268            0.000943456              
269            0.000939842              
270            0.000936248              
271            0.000932675              
272            0.000929122              
273            0.000925589              
274            0.000922077              
275            0.000918584              
276            0.000915111              
277            0.000911807              
278            0.000908521              
279            0.000905252              
280            0.000902                 
281            0.000898765              
282            0.000895547              
283            0.000892346              
284            0.000889162              
285            0.000885994              
286            0.000882843              
287            0.000879708              
288            0.00087659               
289            0.000873488              
290            0.000870402              
291            0.000867333              
292            0.00086428               
293            0.000861242              
294            0.00085822               
295            0.000855215              
296            0.000852224              
297            0.00084925               
298            0.000846291              
299            0.000843347              
300            0.000840419              
301            0.000837627              
302            0.000834848              
303            0.000832083              
304            0.000829331              
305            0.000826593              
306            0.000823867              
307            0.000821155              
308            0.000818456              
309            0.00081577               
310            0.000813097              
311            0.000810437              
312            0.00080779               
313            0.000805155              
314            0.000802533              
315            0.000799924              
316            0.000797327              
317            0.000794743              
318            0.000792171              
319            0.000789612              
320            0.000787065              
321            0.00078453               
322            0.000782008              
323            0.000779497              
324            0.000776999              
325            0.000774513              
326            0.000772137              
327            0.000769772              
328            0.000767417              
329            0.000765073              
330            0.000762739              
331            0.000760416              
332            0.000758103              
333            0.000755801              
334            0.000753508              
335            0.000751226              
336            0.000748954              
337            0.000746693              
338            0.000744441              
339            0.000742199              
340            0.000739968              
341            0.000737746              
342            0.000735534              
343            0.000733332              
344            0.00073114               
345            0.000728958              
346            0.000726785              
347            0.000724622              
348            0.000722469              
349            0.000720325              
350            0.000718191              
351            0.000716066              
352            0.000714032              
353            0.000712006              
354            0.000709988              
355            0.000707979              
356            0.000705979              
357            0.000703986              
358            0.000702002              
359            0.000700026              
360            0.000698058              
361            0.000696098              
362            0.000694146              
363            0.000692203              
364            0.000690267              
365            0.00068834               
366            0.00068642               
367            0.000684509              
368            0.000682605              
369            0.000680709              
370            0.000678821              
371            0.000676941              
372            0.000675068              
373            0.000673204              
374            0.000671347              
375            0.000669497              
376            0.000667655              
377            0.000665821              
378            0.000663995              
379            0.000662243              
380            0.000660497              
381            0.000658759              
382            0.000657027              
383            0.000655302              
384            0.000653583              
385            0.000651871              
386            0.000650166              
387            0.000648467              
388            0.000646775              
389            0.00064509               
390            0.00064341               
391            0.000641738              
392            0.000640071              
393            0.000638411              
394            0.000636758              
395            0.000635111              
396            0.00063347               
397            0.000631835              
398            0.000630207              
399            0.000628585              
400            0.000626969              
401            0.000625359              
402            0.000623756              
403            0.000622159              
404            0.000620567              
405            0.000618982              
406            0.000617403              
407            0.000615886              
408            0.000614375              
409            0.000612869              
410            0.000611368              
411            0.000609873              
412            0.000608383              
413            0.000606898              
414            0.000605419              
415            0.000603945              
416            0.000602476              
417            0.000601013              
418            0.000599555              
419            0.000598102              
420            0.000596654              
421            0.000595212              
422            0.000593774              
423            0.000592342              
424            0.000590915              
425            0.000589493              
426            0.000588076              
427            0.000586664              
428            0.000585257              
429            0.000583856              
430            0.000582459              
431            0.000581067              
432            0.00057968               
433            0.000578298              
434            0.000576922              
435            0.00057555               
436            0.000574229              
437            0.000572914              
438            0.000571603              
439            0.000570296              
440            0.000568993              
441            0.000567695              
442            0.000566402              
443            0.000565112              
444            0.000563827              
445            0.000562546              
446            0.00056127               
447            0.000559998              
448            0.00055873               
449            0.000557466              
450            0.000556206              
451            0.000554951              
452            0.0005537                
453            0.000552453              
454            0.000551211              
455            0.000549972              
456            0.000548738              
457            0.000547507              
458            0.000546281              
459            0.000545059              
460            0.000543841              
461            0.000542627              
462            0.000541417              
463            0.000540212              
464            0.00053901               
465            0.000537812              
466            0.000536658              
467            0.000535507              
468            0.00053436               
469            0.000533217              
470            0.000532077              
471            0.000530941              
472            0.000529809              
473            0.00052868               
474            0.000527554              
475            0.000526432              
476            0.000525314              
477            0.000524199              
478            0.000523088              
479            0.00052198               
480            0.000520875              
481            0.000519774              
482            0.000518677              
483            0.000517583              
484            0.000516492              
485            0.000515405              
486            0.000514321              
487            0.000513241              
488            0.000512164              
489            0.00051109               
490            0.000510019              
491            0.000508953              
492            0.000507889              
493            0.000506829              
494            0.000505771              
495            0.000504718              
496            0.000503667              
497            0.000502654              
498            0.000501643              
499            0.000500636              
500            0.000499631              
501            0.00049863               
502            0.000497631              
503            0.000496635              
504            0.000495643              
505            0.000494653              
506            0.000493666              
507            0.000492682              
508            0.000491701              
509            0.000490723              
510            0.000489747              
511            0.000488775              
512            0.000487805              
513            0.000486838              
514            0.000485875              
515            0.000484913              
516            0.000483955              
517            0.000483                 
518            0.000482047              
519            0.000481097              
520            0.00048015               
521            0.000479206              
522            0.000478264              
523            0.000477326              
524            0.00047639               
525            0.000475456              
526            0.000474526              
527            0.000473598              
528            0.000472673              
529            0.000471779              
530            0.000470888              
531            0.000469999              
532            0.000469113              
533            0.000468229              
534            0.000467348              
535            0.000466469              
536            0.000465593              
537            0.000464719              
538            0.000463847              
539            0.000462978              
540            0.000462111              
541            0.000461247              
542            0.000460385              
543            0.000459525              
544            0.000458668              
545            0.000457813              
546            0.00045696               
547            0.00045611               
548            0.000455262              
549            0.000454417              
550            0.000453574              
551            0.000452733              
552            0.000451895              
553            0.000451058              
554            0.000450224              
555            0.000449393              
556            0.000448564              
557            0.000447737              
558            0.000446912              
559            0.000446089              
560            0.000445269              
561            0.000444451              
562            0.000443659              
563            0.00044287               
564            0.000442083              
565            0.000441299              
566            0.000440516              
567            0.000439735              
568            0.000438956              
569            0.000438179              
570            0.000437405              
571            0.000436632              
572            0.000435861              
573            0.000435093              
574            0.000434326              
575            0.000433561              
576            0.000432799              
577            0.000432038              
578            0.000431279              
579            0.000430523              
580            0.000429768              
581            0.000429015              
582            0.000428264              
583            0.000427515              
584            0.000426768              
585            0.000426023              
586            0.00042528               
587            0.000424539              
588            0.0004238                
589            0.000423062              
590            0.000422327              
591            0.000421593              
592            0.000420862              
593            0.000420132              
594            0.000419404              
595            0.000418678              
596            0.000417973              
597            0.000417272              
598            0.000416573              
599            0.000415875              
600            0.000415179              
601            0.000414485              
602            0.000413792              
603            0.000413101              
604            0.000412412              
605            0.000411725              
606            0.000411039              
607            0.000410355              
608            0.000409672              
609            0.000408991              
610            0.000408312              
611            0.000407635              
612            0.000406959              
613            0.000406285              
614            0.000405612              
615            0.000404942              
616            0.000404272              
617            0.000403605              
618            0.000402939              
619            0.000402275              
620            0.000401612              
621            0.000400951              
622            0.000400291              
623            0.000399634              
624            0.000398977              
625            0.000398323              
626            0.00039767               
627            0.000397018              
628            0.000396368              
629            0.00039572               
630            0.000395074              
631            0.000394442              
632            0.000393817              
633            0.000393193              
634            0.000392571              
635            0.00039195               
636            0.00039133               
637            0.000390712              
638            0.000390095              
639            0.00038948               
640            0.000388866              
641            0.000388253              
642            0.000387642              
643            0.000387033              
644            0.000386425              
645            0.000385818              
646            0.000385212              
647            0.000384608              
648            0.000384006              
649            0.000383404              
650            0.000382805              
651            0.000382206              
652            0.000381609              
653            0.000381013              
654            0.000380419              
655            0.000379826              
656            0.000379234              
657            0.000378644              
658            0.000378055              
659            0.000377468              
660            0.000376881              
661            0.000376297              
662            0.000375713              
663            0.000375131              
664            0.00037455               
665            0.000373971              
666            0.000373392              
667            0.000372823              
668            0.000372264              
669            0.000371705              
670            0.000371148              
671            0.000370592              
672            0.000370037              
673            0.000369483              
674            0.000368931              
675            0.000368379              
676            0.000367829              
677            0.00036728               
678            0.000366733              
679            0.000366186              
680            0.000365641              
681            0.000365097              
682            0.000364554              
683            0.000364012              
684            0.000363472              
685            0.000362932              
686            0.000362394              
687            0.000361857              
688            0.000361321              
689            0.000360786              
690            0.000360253              
691            0.00035972               
692            0.000359189              
693            0.000358659              
694            0.00035813               
695            0.000357602              
696            0.000357075              
697            0.00035655               
698            0.000356025              
699            0.000355502              
700            0.00035498               
701            0.000354459              
702            0.000353939              
703            0.00035342               
704            0.000352903              
705            0.000352399              
706            0.000351898              
707            0.000351397              
708            0.000350897              
709            0.000350398              
710            0.000349901              
711            0.000349404              
712            0.000348908              
713            0.000348414              
714            0.00034792               
715            0.000347427              
716            0.000346936              
717            0.000346445              
718            0.000345956              
719            0.000345467              
720            0.000344979              
721            0.000344493              
722            0.000344007              
723            0.000343522              
724            0.000343039              
725            0.000342556              
726            0.000342074              
727            0.000341594              
728            0.000341114              
729            0.000340635              
730            0.000340158              
731            0.000339681              
732            0.000339205              
733            0.00033873               
734            0.000338256              
735            0.000337783              
736            0.000337311              
737            0.00033684               
738            0.00033637               
739            0.000335901              
740            0.000335433              
741            0.000334966              
742            0.0003345                
743            0.000334035              
744            0.000333583              
745            0.000333131              
746            0.000332681              
747            0.000332231              
748            0.000331782              
749            0.000331333              
750            0.000330886              
751            0.00033044               
752            0.000329994              
753            0.000329549              
754            0.000329106              
755            0.000328663              
756            0.00032822               
757            0.000327779              
758            0.000327339              
759            0.000326899              
760            0.00032646               
761            0.000326022              
762            0.000325585              
763            0.000325149              
764            0.000324714              
765            0.000324279              
766            0.000323845              
767            0.000323412              
768            0.00032298               
769            0.000322549              
770            0.000322118              
771            0.000321689              
772            0.00032126               
773            0.000320832              
774            0.000320405              
775            0.000319979              
776            0.000319553              
777            0.000319128              
778            0.000318704              
779            0.000318281              
780            0.000317859              
781            0.000317438              
782            0.000317017              
783            0.000316597              
784            0.000316184              
785            0.000315776              
786            0.000315368              
787            0.000314962              
788            0.000314556              
789            0.000314151              
790            0.000313746              
791            0.000313343              
792            0.00031294               
793            0.000312537              
794            0.000312136              
795            0.000311735              
796            0.000311335              
797            0.000310936              
798            0.000310537              
799            0.000310139              
800            0.000309742              
801            0.000309345              
802            0.00030895               
803            0.000308555              
804            0.00030816               
805            0.000307767              
806            0.000307374              
807            0.000306981              
808            0.00030659               
809            0.000306199              
810            0.000305809              
811            0.00030542               
812            0.000305031              
813            0.000304643              
814            0.000304255              
815            0.000303869              
816            0.000303483              
817            0.000303098              
818            0.000302713              
819            0.000302329              
820            0.000301946              
821            0.000301563              
822            0.000301182              
823            0.0003008                
824            0.00030042               
825            0.00030004               
826            0.000299662              
827            0.000299293              
828            0.000298924              
829            0.000298555              
830            0.000298188              
831            0.00029782               
832            0.000297454              
833            0.000297088              
834            0.000296723              
835            0.000296358              
836            0.000295994              
837            0.00029563               
838            0.000295267              
839            0.000294905              
840            0.000294544              
841            0.000294183              
842            0.000293822              
843            0.000293462              
844            0.000293103              
845            0.000292745              
846            0.000292387              
847            0.000292029              
848            0.000291672              
849            0.000291316              
850            0.000290961              
851            0.000290606              
852            0.000290251              
853            0.000289897              
854            0.000289544              
855            0.000289192              
856            0.00028884               
857            0.000288488              
858            0.000288137              
859            0.000287787              
860            0.000287437              
861            0.000287088              
862            0.00028674               
863            0.000286392              
864            0.000286044              
865            0.000285698              
866            0.000285351              
867            0.000285006              
868            0.000284661              
869            0.000284316              
870            0.000283972              
871            0.000283632              
872            0.000283296              
873            0.000282962              
874            0.000282627              
875            0.000282294              
876            0.000281961              
877            0.000281628              
878            0.000281296              
879            0.000280964              
880            0.000280633              
881            0.000280303              
882            0.000279973              
883            0.000279643              
884            0.000279314              
885            0.000278986              
886            0.000278658              
887            0.00027833               
888            0.000278003              
889            0.000277677              
890            0.000277351              
891            0.000277026              
892            0.000276701              
893            0.000276376              
894            0.000276052              
895            0.000275729              
896            0.000275406              
897            0.000275084              
898            0.000274762              
899            0.000274441              
900            0.00027412               
901            0.0002738                
902            0.00027348               
903            0.00027316               
904            0.000272842              
905            0.000272523              
906            0.000272205              
907            0.000271888              
908            0.000271571              
909            0.000271255              
910            0.000270939              
911            0.000270624              
912            0.000270309              
913            0.000269994              
914            0.00026968               
915            0.000269367              
916            0.000269054              
917            0.000268742              
918            0.00026843               
919            0.000268122              
920            0.000267817              
921            0.000267513              
922            0.000267209              
923            0.000266905              
924            0.000266603              
925            0.0002663                
926            0.000265998              
927            0.000265697              
928            0.000265395              
929            0.000265095              
930            0.000264794              
931            0.000264495              
932            0.000264195              
933            0.000263896              
934            0.000263598              
935            0.0002633                
936            0.000263002              
937            0.000262705              
938            0.000262408              
939            0.000262112              
940            0.000261816              
941            0.000261521              
942            0.000261226              
943            0.000260931              
944            0.000260637              
945            0.000260343              
946            0.00026005               
947            0.000259757              
948            0.000259465              
949            0.000259173              
950            0.000258881              
951            0.00025859               
952            0.000258299              
953            0.000258009              
954            0.000257719              
955            0.000257429              
956            0.00025714               
957            0.000256852              
958            0.000256563              
959            0.000256276              
960            0.000255988              
961            0.000255701              
962            0.000255415              
963            0.000255129              
964            0.000254843              
965            0.000254558              
966            0.000254273              
967            0.000253988              
968            0.000253704              
969            0.00025342               
970            0.000253137              
971            0.000252858              
972            0.000252581              
973            0.000252304              
974            0.000252028              
975            0.000251752              
976            0.000251476              
977            0.000251201              
978            0.000250926              
979            0.000250651              
980            0.000250377              
981            0.000250103              
982            0.00024983               
983            0.000249557              
984            0.000249284              
985            0.000249012              
986            0.00024874               
987            0.000248468              
988            0.000248197              
989            0.000247926              
990            0.000247656              
991            0.000247385              
992            0.000247116              
993            0.000246846              
994            0.000246577              
995            0.000246309              
996            0.00024604               
997            0.000245772              
998            0.000245505              
999            0.000245238              
1000           0.000244971              
1001           0.000244704              
1002           0.000244438              
1003           0.000244173              
1004           0.000243907              
1005           0.000243642              
1006           0.000243378              
1007           0.000243113              
1008           0.000242849              
1009           0.000242586              
1010           0.000242322              
1011           0.00024206               
1012           0.000241797              
1013           0.000241535              
1014           0.000241273              
1015           0.000241011              
1016           0.00024075               
1017           0.00024049               
1018           0.000240229              
1019           0.000239969              
1020           0.000239709              
1021           0.00023945               
1022           0.000239191              
1023           0.000238932              
1024           0.000238674              
1025           0.000238416              
1026           0.000238158              
1027           0.000237901              
1028           0.000237647              
1029           0.000237395              
1030           0.000237143              
1031           0.000236891              
1032           0.00023664               
1033           0.000236389              
1034           0.000236138              
1035           0.000235888              
1036           0.000235637              
1037           0.000235388              
1038           0.000235138              
1039           0.000234889              
1040           0.00023464               
1041           0.000234392              
1042           0.000234144              
1043           0.000233896              
1044           0.000233648              
1045           0.000233401              
1046           0.000233154              
1047           0.000232907              
1048           0.000232661              
1049           0.000232415              
1050           0.000232169              
1051           0.000231924              
1052           0.000231679              
1053           0.000231434              
1054           0.00023119               
1055           0.000230945              
