#Solution of linear sistem Ax = b through Gauss-Seidel algorithm. A is 1000x1000 matrix. x and b are 1000vectors.
# 1-solution             
0.00068093               
0.00136187               
0.00204281               
0.00272377               
0.00340474               
0.00408573               
0.00476675               
0.00544779               
0.00612885               
0.00680995               
0.00749108               
0.00817225               
0.00885346               
0.00953471               
0.010216                 
0.0108974                
0.0115788                
0.0122602                
0.0129417                
0.0136233                
0.0143049                
0.0149867                
0.0156684                
0.0163503                
0.0170322                
0.0177142                
0.0183963                
0.0190785                
0.0197608                
0.0204431                
0.0211256                
0.0218082                
0.0224908                
0.0231736                
0.0238565                
0.0245395                
0.0252226                
0.0259058                
0.0265891                
0.0272726                
0.0279562                
0.0286399                
0.0293237                
0.0300077                
0.0306918                
0.0313761                
0.0320605                
0.0327451                
0.0334298                
0.0341146                
0.0347997                
0.0354848                
0.0361702                
0.0368557                
0.0375414                
0.0382272                
0.0389133                
0.0395995                
0.0402859                
0.0409724                
0.0416592                
0.0423461                
0.0430333                
0.0437206                
0.0444082                
0.0450959                
0.0457839                
0.046472                 
0.0471604                
0.047849                 
0.0485378                
0.0492268                
0.049916                 
0.0506055                
0.0512952                
0.0519852                
0.0526753                
0.0533658                
0.0540564                
0.0547473                
0.0554385                
0.0561299                
0.0568215                
0.0575134                
0.0582056                
0.058898                 
0.0595907                
0.0602837                
0.0609769                
0.0616704                
0.0623642                
0.0630583                
0.0637527                
0.0644473                
0.0651422                
0.0658375                
0.066533                 
0.0672288                
0.0679249                
0.0686214                
0.0693181                
0.0700151                
0.0707125                
0.0714102                
0.0721082                
0.0728065                
0.0735051                
0.0742041                
0.0749034                
0.075603                 
0.076303                 
0.0770033                
0.0777039                
0.0784049                
0.0791063                
0.079808                 
0.08051                  
0.0812124                
0.0819152                
0.0826183                
0.0833218                
0.0840257                
0.0847299                
0.0854346                
0.0861395                
0.0868449                
0.0875507                
0.0882568                
0.0889633                
0.0896702                
0.0903776                
0.0910853                
0.0917934                
0.0925019                
0.0932108                
0.0939201                
0.0946299                
0.09534                  
0.0960506                
0.0967616                
0.097473                 
0.0981848                
0.0988971                
0.0996098                
0.100323                 
0.101036                 
0.10175                  
0.102465                 
0.10318                  
0.103895                 
0.104611                 
0.105327                 
0.106044                 
0.106761                 
0.107479                 
0.108197                 
0.108915                 
0.109634                 
0.110354                 
0.111074                 
0.111794                 
0.112515                 
0.113237                 
0.113958                 
0.114681                 
0.115404                 
0.116127                 
0.116851                 
0.117575                 
0.1183                   
0.119026                 
0.119751                 
0.120478                 
0.121205                 
0.121932                 
0.12266                  
0.123389                 
0.124118                 
0.124847                 
0.125577                 
0.126308                 
0.127039                 
0.12777                  
0.128503                 
0.129235                 
0.129969                 
0.130702                 
0.131437                 
0.132172                 
0.132907                 
0.133643                 
0.13438                  
0.135117                 
0.135855                 
0.136593                 
0.137332                 
0.138071                 
0.138811                 
0.139552                 
0.140293                 
0.141035                 
0.141777                 
0.14252                  
0.143263                 
0.144008                 
0.144752                 
0.145497                 
0.146243                 
0.14699                  
0.147737                 
0.148485                 
0.149233                 
0.149982                 
0.150731                 
0.151482                 
0.152232                 
0.152984                 
0.153736                 
0.154489                 
0.155242                 
0.155996                 
0.15675                  
0.157505                 
0.158261                 
0.159018                 
0.159775                 
0.160533                 
0.161291                 
0.16205                  
0.16281                  
0.16357                  
0.164331                 
0.165093                 
0.165855                 
0.166618                 
0.167382                 
0.168146                 
0.168911                 
0.169677                 
0.170443                 
0.171211                 
0.171978                 
0.172747                 
0.173516                 
0.174286                 
0.175056                 
0.175827                 
0.176599                 
0.177372                 
0.178145                 
0.178919                 
0.179694                 
0.180469                 
0.181245                 
0.182022                 
0.182799                 
0.183578                 
0.184357                 
0.185136                 
0.185917                 
0.186698                 
0.18748                  
0.188262                 
0.189045                 
0.189829                 
0.190614                 
0.1914                   
0.192186                 
0.192973                 
0.193761                 
0.194549                 
0.195338                 
0.196128                 
0.196919                 
0.19771                  
0.198502                 
0.199295                 
0.200089                 
0.200884                 
0.201679                 
0.202475                 
0.203272                 
0.204069                 
0.204868                 
0.205667                 
0.206467                 
0.207267                 
0.208069                 
0.208871                 
0.209674                 
0.210478                 
0.211282                 
0.212087                 
0.212894                 
0.2137                   
0.214508                 
0.215317                 
0.216126                 
0.216936                 
0.217747                 
0.218559                 
0.219371                 
0.220185                 
0.220999                 
0.221814                 
0.222629                 
0.223446                 
0.224263                 
0.225082                 
0.225901                 
0.22672                  
0.227541                 
0.228363                 
0.229185                 
0.230008                 
0.230832                 
0.231657                 
0.232483                 
0.233309                 
0.234136                 
0.234965                 
0.235794                 
0.236623                 
0.237454                 
0.238286                 
0.239118                 
0.239951                 
0.240785                 
0.24162                  
0.242456                 
0.243293                 
0.24413                  
0.244968                 
0.245808                 
0.246648                 
0.247489                 
0.24833                  
0.249173                 
0.250017                 
0.250861                 
0.251706                 
0.252553                 
0.2534                   
0.254247                 
0.255096                 
0.255946                 
0.256796                 
0.257648                 
0.2585                   
0.259353                 
0.260207                 
0.261062                 
0.261918                 
0.262775                 
0.263633                 
0.264491                 
0.26535                  
0.266211                 
0.267072                 
0.267934                 
0.268797                 
0.269661                 
0.270526                 
0.271392                 
0.272258                 
0.273126                 
0.273994                 
0.274863                 
0.275734                 
0.276605                 
0.277477                 
0.27835                  
0.279224                 
0.280099                 
0.280974                 
0.281851                 
0.282729                 
0.283607                 
0.284487                 
0.285367                 
0.286248                 
0.287131                 
0.288014                 
0.288898                 
0.289783                 
0.290669                 
0.291555                 
0.292443                 
0.293332                 
0.294222                 
0.295112                 
0.296004                 
0.296896                 
0.29779                  
0.298684                 
0.299579                 
0.300476                 
0.301373                 
0.302271                 
0.30317                  
0.30407                  
0.304971                 
0.305873                 
0.306776                 
0.30768                  
0.308584                 
0.30949                  
0.310397                 
0.311304                 
0.312213                 
0.313123                 
0.314033                 
0.314945                 
0.315857                 
0.31677                  
0.317685                 
0.3186                   
0.319516                 
0.320433                 
0.321352                 
0.322271                 
0.323191                 
0.324112                 
0.325034                 
0.325957                 
0.326881                 
0.327806                 
0.328732                 
0.329659                 
0.330587                 
0.331516                 
0.332446                 
0.333376                 
0.334308                 
0.335241                 
0.336175                 
0.337109                 
0.338045                 
0.338982                 
0.339919                 
0.340858                 
0.341798                 
0.342738                 
0.34368                  
0.344622                 
0.345566                 
0.34651                  
0.347456                 
0.348402                 
0.34935                  
0.350298                 
0.351248                 
0.352198                 
0.35315                  
0.354102                 
0.355056                 
0.35601                  
0.356965                 
0.357922                 
0.358879                 
0.359837                 
0.360797                 
0.361757                 
0.362718                 
0.363681                 
0.364644                 
0.365608                 
0.366574                 
0.36754                  
0.368507                 
0.369475                 
0.370445                 
0.371415                 
0.372386                 
0.373358                 
0.374332                 
0.375306                 
0.376281                 
0.377257                 
0.378235                 
0.379213                 
0.380192                 
0.381172                 
0.382154                 
0.383136                 
0.384119                 
0.385103                 
0.386088                 
0.387075                 
0.388062                 
0.38905                  
0.390039                 
0.391029                 
0.392021                 
0.393013                 
0.394006                 
0.395                    
0.395996                 
0.396992                 
0.397989                 
0.398987                 
0.399986                 
0.400987                 
0.401988                 
0.40299                  
0.403993                 
0.404997                 
0.406003                 
0.407009                 
0.408016                 
0.409024                 
0.410033                 
0.411044                 
0.412055                 
0.413067                 
0.41408                  
0.415094                 
0.41611                  
0.417126                 
0.418143                 
0.419161                 
0.420181                 
0.421201                 
0.422222                 
0.423244                 
0.424267                 
0.425291                 
0.426317                 
0.427343                 
0.42837                  
0.429398                 
0.430427                 
0.431458                 
0.432489                 
0.433521                 
0.434554                 
0.435588                 
0.436623                 
0.437659                 
0.438697                 
0.439735                 
0.440774                 
0.441814                 
0.442855                 
0.443897                 
0.44494                  
0.445984                 
0.447029                 
0.448076                 
0.449123                 
0.450171                 
0.45122                  
0.45227                  
0.453321                 
0.454373                 
0.455426                 
0.45648                  
0.457535                 
0.458591                 
0.459647                 
0.460705                 
0.461764                 
0.462824                 
0.463885                 
0.464947                 
0.46601                  
0.467074                 
0.468138                 
0.469204                 
0.470271                 
0.471339                 
0.472407                 
0.473477                 
0.474548                 
0.475619                 
0.476692                 
0.477765                 
0.47884                  
0.479916                 
0.480992                 
0.48207                  
0.483148                 
0.484227                 
0.485308                 
0.486389                 
0.487472                 
0.488555                 
0.489639                 
0.490724                 
0.49181                  
0.492898                 
0.493986                 
0.495075                 
0.496165                 
0.497256                 
0.498348                 
0.499441                 
0.500535                 
0.501629                 
0.502725                 
0.503822                 
0.50492                  
0.506018                 
0.507118                 
0.508218                 
0.50932                  
0.510422                 
0.511526                 
0.51263                  
0.513735                 
0.514842                 
0.515949                 
0.517057                 
0.518166                 
0.519276                 
0.520387                 
0.521499                 
0.522612                 
0.523725                 
0.52484                  
0.525956                 
0.527072                 
0.52819                  
0.529308                 
0.530428                 
0.531548                 
0.532669                 
0.533791                 
0.534914                 
0.536038                 
0.537163                 
0.538289                 
0.539416                 
0.540543                 
0.541672                 
0.542802                 
0.543932                 
0.545063                 
0.546196                 
0.547329                 
0.548463                 
0.549598                 
0.550734                 
0.55187                  
0.553008                 
0.554147                 
0.555286                 
0.556427                 
0.557568                 
0.55871                  
0.559853                 
0.560997                 
0.562142                 
0.563288                 
0.564434                 
0.565582                 
0.56673                  
0.56788                  
0.56903                  
0.570181                 
0.571333                 
0.572486                 
0.57364                  
0.574794                 
0.57595                  
0.577106                 
0.578263                 
0.579421                 
0.58058                  
0.58174                  
0.582901                 
0.584062                 
0.585225                 
0.586388                 
0.587552                 
0.588717                 
0.589883                 
0.59105                  
0.592218                 
0.593386                 
0.594555                 
0.595725                 
0.596896                 
0.598068                 
0.599241                 
0.600414                 
0.601589                 
0.602764                 
0.60394                  
0.605117                 
0.606294                 
0.607473                 
0.608652                 
0.609833                 
0.611014                 
0.612195                 
0.613378                 
0.614562                 
0.615746                 
0.616931                 
0.618117                 
0.619304                 
0.620491                 
0.62168                  
0.622869                 
0.624059                 
0.625249                 
0.626441                 
0.627633                 
0.628827                 
0.630021                 
0.631215                 
0.632411                 
0.633607                 
0.634804                 
0.636002                 
0.637201                 
0.638401                 
0.639601                 
0.640802                 
0.642004                 
0.643206                 
0.64441                  
0.645614                 
0.646819                 
0.648024                 
0.649231                 
0.650438                 
0.651646                 
0.652855                 
0.654064                 
0.655275                 
0.656486                 
0.657697                 
0.65891                  
0.660123                 
0.661337                 
0.662552                 
0.663767                 
0.664983                 
0.6662                   
0.667418                 
0.668637                 
0.669856                 
0.671076                 
0.672296                 
0.673517                 
0.674739                 
0.675962                 
0.677186                 
0.67841                  
0.679635                 
0.68086                  
0.682087                 
0.683314                 
0.684541                 
0.68577                  
0.686999                 
0.688229                 
0.689459                 
0.69069                  
0.691922                 
0.693155                 
0.694388                 
0.695622                 
0.696857                 
0.698092                 
0.699328                 
0.700565                 
0.701802                 
0.70304                  
0.704279                 
0.705518                 
0.706758                 
0.707998                 
0.70924                  
0.710482                 
0.711724                 
0.712967                 
0.714211                 
0.715456                 
0.716701                 
0.717947                 
0.719193                 
0.72044                  
0.721688                 
0.722936                 
0.724185                 
0.725435                 
0.726685                 
0.727936                 
0.729187                 
0.730439                 
0.731692                 
0.732945                 
0.734199                 
0.735454                 
0.736709                 
0.737965                 
0.739221                 
0.740478                 
0.741735                 
0.742993                 
0.744252                 
0.745511                 
0.746771                 
0.748031                 
0.749292                 
0.750554                 
0.751816                 
0.753079                 
0.754342                 
0.755606                 
0.75687                  
0.758135                 
0.7594                   
0.760667                 
0.761933                 
0.7632                   
0.764468                 
0.765736                 
0.767005                 
0.768274                 
0.769544                 
0.770814                 
0.772085                 
0.773357                 
0.774629                 
0.775901                 
0.777174                 
0.778448                 
0.779722                 
0.780996                 
0.782271                 
0.783547                 
0.784823                 
0.786099                 
0.787376                 
0.788654                 
0.789932                 
0.79121                  
0.792489                 
0.793768                 
0.795048                 
0.796329                 
0.79761                  
0.798891                 
0.800173                 
0.801455                 
0.802738                 
0.804021                 
0.805305                 
0.806589                 
0.807873                 
0.809158                 
0.810444                 
0.81173                  
0.813016                 
0.814303                 
0.81559                  
0.816878                 
0.818166                 
0.819454                 
0.820743                 
0.822033                 
0.823322                 
0.824612                 
0.825903                 
0.827194                 
0.828485                 
0.829777                 
0.831069                 
0.832362                 
0.833655                 
0.834948                 
0.836242                 
0.837536                 
0.838831                 
0.840126                 
0.841421                 
0.842717                 
0.844013                 
0.845309                 
0.846606                 
0.847903                 
0.8492                   
0.850498                 
0.851796                 
0.853095                 
0.854394                 
0.855693                 
0.856992                 
0.858292                 
0.859592                 
0.860893                 
0.862194                 
0.863495                 
0.864797                 
0.866098                 
0.867401                 
0.868703                 
0.870006                 
0.871309                 
0.872612                 
0.873916                 
0.87522                  
0.876524                 
0.877829                 
0.879134                 
0.880439                 
0.881744                 
0.88305                  
0.884356                 
0.885662                 
0.886969                 
0.888276                 
0.889583                 
0.89089                  
0.892198                 
0.893505                 
0.894814                 
0.896122                 
0.89743                  
0.898739                 
0.900048                 
0.901358                 
0.902667                 
0.903977                 
0.905287                 
0.906597                 
0.907908                 
0.909218                 
0.910529                 
0.91184                  
0.913151                 
0.914463                 
0.915775                 
0.917087                 
0.918399                 
0.919711                 
0.921023                 
0.922336                 
0.923649                 
0.924962                 
0.926275                 
0.927589                 
0.928902                 
0.930216                 
0.93153                  
0.932844                 
0.934158                 
0.935472                 
0.936787                 
0.938101                 
0.939416                 
0.940731                 
0.942046                 
0.943361                 
0.944677                 
0.945992                 
0.947308                 
0.948624                 
0.949939                 
0.951255                 
0.952572                 
0.953888                 
0.955204                 
0.95652                  
0.957837                 
0.959154                 
0.96047                  
0.961787                 
0.963104                 
0.964421                 
0.965738                 
0.967055                 
0.968372                 
0.96969                  
0.971007                 
0.972324                 
0.973642                 
0.974959                 
0.976277                 
0.977595                 
0.978912                 
0.98023                  
0.981548                 
0.982866                 
0.984184                 
0.985502                 
0.98682                  
0.988137                 
0.989455                 
0.990773                 
0.992092                 
0.99341                  
0.994728                 
0.996046                 
0.997364                 
0.998682                 
