#Solution of linear sistem Ax = b through Gauss-Seidel algorithm. A is 100x100 matrix. x and b are 100vectors.
# 1-solution             
-0.00141427              
-0.000271659             
0.00263352               
0.0066848                
0.0115404                
0.0169912                
0.0228997                
0.029171                 
0.0357366                
0.0425454                
0.0495584                
0.0567452                
0.0640814                
0.0715472                
0.0791266                
0.086806                 
0.094574                 
0.102421                 
0.110339                 
0.118321                 
0.126359                 
0.13445                  
0.142588                 
0.150769                 
0.158989                 
0.167244                 
0.175532                 
0.18385                  
0.192195                 
0.200564                 
0.208957                 
0.217369                 
0.225801                 
0.23425                  
0.242714                 
0.251192                 
0.259683                 
0.268185                 
0.276698                 
0.285218                 
0.293747                 
0.302282                 
0.310822                 
0.319367                 
0.327915                 
0.336466                 
0.345018                 
0.35357                  
0.362122                 
0.370672                 
0.37922                  
0.387764                 
0.396304                 
0.404839                 
0.413368                 
0.421889                 
0.430402                 
0.438905                 
0.447398                 
0.455879                 
0.464347                 
0.472802                 
0.48124                  
0.489663                 
0.498067                 
0.506451                 
0.514814                 
0.523155                 
0.53147                  
0.539759                 
0.548018                 
0.556247                 
0.564441                 
0.5726                   
0.580719                 
0.588795                 
0.596825                 
0.604805                 
0.61273                  
0.620595                 
0.628396                 
0.636125                 
0.643776                 
0.65134                  
0.658808                 
0.66617                  
0.673413                 
0.680521                 
0.687478                 
0.694262                 
0.700847                 
0.707202                 
0.713287                 
0.719049                 
0.724424                 
0.729319                 
0.733612                 
0.737122                 
0.739573                 
0.740519                 
