#Solution of linear sistem Ax = b through Gauss-Seidel algorithm. A is 100x100 matrix. x and b are 100vectors.
# 1-solution             
-0.0796469               
-0.149736                
-0.180787                
-0.198615                
-0.209794                
-0.216974                
-0.221487                
-0.224095                
-0.225275                
-0.225346                
-0.224532                
-0.222995                
-0.220859                
-0.218216                
-0.215141                
-0.211694                
-0.207923                
-0.203867                
-0.19956                 
-0.195029                
-0.1903                  
-0.185392                
-0.180324                
-0.17511                 
-0.169765                
-0.1643                  
-0.158728                
-0.153056                
-0.147294                
-0.141449                
-0.135529                
-0.129541                
-0.12349                 
-0.117381                
-0.111221                
-0.105013                
-0.0987613               
-0.0924711               
-0.0861459               
-0.0797894               
-0.073405                
-0.066996                
-0.0605657               
-0.0541171               
-0.0476532               
-0.0411769               
-0.0346909               
-0.0281981               
-0.0217012               
-0.0152028               
-0.00870562              
-0.00221233              
0.00427441               
0.0107519                
0.0172174                
0.0236681                
0.0301013                
0.0365139                
0.042903                 
0.0492654                
0.055598                 
0.0618973                
0.0681597                
0.0743816                
0.080559                 
0.0866876                
0.092763                 
0.0987804                
0.104735                 
0.11062                  
0.116431                 
0.12216                  
0.127801                 
0.133345                 
0.138784                 
0.144109                 
0.149308                 
0.154369                 
0.159279                 
0.164024                 
0.168584                 
0.172941                 
0.177072                 
0.180949                 
0.184541                 
0.187811                 
0.190714                 
0.193197                 
0.195191                 
0.196616                 
0.197364                 
0.197299                 
0.196238                 
0.193931                 
0.190019                 
0.183967                 
0.174919                 
0.161382                 
0.140382                 
0.104541                 
