#Solution of linear sistem Ax = b through Gauss-Seidel algorithm. A is 100x100 matrix. x and b are 100vectors.
# 1-solution             
-0.0832429               
-0.156686                
-0.188934                
-0.207453                
-0.219113                
-0.226662                
-0.231473                
-0.234331                
-0.235728                
-0.23599                 
-0.235348                
-0.233968                
-0.231974                
-0.229464                
-0.226513                
-0.223182                
-0.21952                 
-0.215568                
-0.211359                
-0.206923                
-0.202284                
-0.197464                
-0.192479                
-0.187346                
-0.182079                
-0.176691                
-0.171192                
-0.165592                
-0.159901                
-0.154125                
-0.148273                
-0.14235                 
-0.136364                
-0.130319                
-0.124221                
-0.118075                
-0.111884                
-0.105654                
-0.0993885               
-0.0930908               
-0.0867646               
-0.0804134               
-0.0740404               
-0.0676488               
-0.0612415               
-0.0548215               
-0.0483917               
-0.0419548               
-0.0355137               
-0.029071                
-0.0226294               
-0.0161918               
-0.00976075              
-0.00333905              
0.00307052               
0.00946513               
0.0158419                
0.0221979                
0.02853                  
0.034835                 
0.0411097                
0.0473507                
0.0535542                
0.0597166                
0.0658337                
0.0719013                
0.0779148                
0.0838694                
0.0897597                
0.0955802                
0.101325                 
0.106986                 
0.112558                 
0.118032                 
0.123399                 
0.128649                 
0.133772                 
0.138754                 
0.143583                 
0.148244                 
0.152717                 
0.156983                 
0.161018                 
0.164796                 
0.168284                 
0.171444                 
0.17423                  
0.176587                 
0.178448                 
0.179728                 
0.180318                 
0.180079                 
0.178824                 
0.176296                 
0.172129                 
0.165772                 
0.156347                 
0.142314                 
0.120595                 
0.0834978                
