#Solution of linear sistem Ax = b through Gauss-Seidel algorithm. A is 100x100 matrix. x and b are 100vectors.
# 1-solution             
-0.0549628               
-0.102131                
-0.12435                 
-0.136956                
-0.144472                
-0.14884                 
-0.151069                
-0.151752                
-0.151265                
-0.149863                
-0.147727                
-0.144989                
-0.141749                
-0.138085                
-0.134058                
-0.129717                
-0.125103                
-0.120247                
-0.11518                 
-0.109923                
-0.104497                
-0.0989195               
-0.0932055               
-0.087368                
-0.0814188               
-0.0753679               
-0.0692247               
-0.0629972               
-0.0566928               
-0.0503182               
-0.0438795               
-0.0373823               
-0.0308315               
-0.024232                
-0.017588                
-0.0109037               
-0.00418268              
0.00257137               
0.00935515               
0.0161655                
0.0229994                
0.029854                 
0.0367266                
0.0436145                
0.0505151                
0.0574261                
0.0643448                
0.071269                 
0.0781963                
0.0851244                
0.0920509                
0.0989737                
0.10589                  
0.112798                 
0.119696                 
0.12658                  
0.133448                 
0.140298                 
0.147127                 
0.153932                 
0.160711                 
0.167461                 
0.174179                 
0.18086                  
0.187503                 
0.194103                 
0.200656                 
0.207159                 
0.213606                 
0.219993                 
0.226315                 
0.232566                 
0.238739                 
0.244829                 
0.250827                 
0.256725                 
0.262515                 
0.268185                 
0.273723                 
0.279118                 
0.284354                 
0.289414                 
0.294277                 
0.298923                 
0.303323                 
0.307445                 
0.311253                 
0.3147                   
0.317731                 
0.320275                 
0.322244                 
0.323525                 
0.323966                 
0.323361                 
0.321422                 
0.317716                 
0.31157                  
0.301831                 
0.286289                 
0.259785                 
