#Solution of linear sistem Ax = b through Gauss-Seidel algorithm. A is 100x100 matrix. x and b are 100vectors.
# 1-solution             
-0.0829067               
-0.156036                
-0.188173                
-0.206628                
-0.218244                
-0.225758                
-0.230542                
-0.233377                
-0.234754                
-0.234999                
-0.23434                 
-0.232946                
-0.230939                
-0.228417                
-0.225454                
-0.222112                
-0.21844                 
-0.214478                
-0.210261                
-0.205816                
-0.201169                
-0.19634                 
-0.191347                
-0.186207                
-0.180933                
-0.175538                
-0.170032                
-0.164426                
-0.158727                
-0.152945                
-0.147087                
-0.141158                
-0.135166                
-0.129115                
-0.123011                
-0.116859                
-0.110663                
-0.104428                
-0.0981566               
-0.0918535               
-0.0855219               
-0.0791654               
-0.0727871               
-0.0663902               
-0.0599777               
-0.0535525               
-0.0471175               
-0.0406755               
-0.0342292               
-0.0277813               
-0.0213346               
-0.0148919               
-0.00845567              
-0.00202882              
0.00438591               
0.0107857                
0.0171677                
0.0235289                
0.0298662                
0.0361766                
0.0424567                
0.048703                 
0.054912                 
0.0610798                
0.0672025                
0.0732757                
0.079295                 
0.0852554                
0.0911516                
0.0969781                
0.102729                 
0.108397                 
0.113975                 
0.119455                 
0.124829                 
0.130086                 
0.135215                 
0.140205                 
0.145042                 
0.14971                  
0.154191                 
0.158466                 
0.16251                  
0.166297                 
0.169794                 
0.172964                 
0.175761                 
0.17813                  
0.180004                 
0.181297                 
0.181902                 
0.181679                 
0.180441                 
0.177934                 
0.17379                  
0.167462                 
0.158071                 
0.144084                 
0.122432                 
0.0854509                
