#Solution of linear sistem Ax = b through Gauss-Seidel algorithm. A is 100x100 matrix. x and b are 100vectors.
# 1-solution             
-0.0762333               
-0.143141                
-0.173038                
-0.190195                
-0.200907                
-0.20773                 
-0.211953                
-0.214316                
-0.215285                
-0.21517                 
-0.214189                
-0.2125                  
-0.210224                
-0.207453                
-0.204258                
-0.200697                
-0.196819                
-0.192662                
-0.188259                
-0.183637                
-0.17882                 
-0.173827                
-0.168677                
-0.163385                
-0.157963                
-0.152425                
-0.14678                 
-0.141038                
-0.135207                
-0.129296                
-0.12331                 
-0.117258                
-0.111143                
-0.104973                
-0.0987511               
-0.0924828               
-0.0861722               
-0.0798234               
-0.0734402               
-0.0670263               
-0.0605851               
-0.0541198               
-0.0476336               
-0.0411294               
-0.0346103               
-0.0280791               
-0.0215384               
-0.0149911               
-0.00843976              
-0.00188705              
0.00466441               
0.011212                 
0.0177531                
0.024285                 
0.0308051                
0.0373106                
0.0437988                
0.0502667                
0.0567114                
0.0631299                
0.0695189                
0.0758751                
0.0821951                
0.0884751                
0.0947113                
0.1009                   
0.107035                 
0.113114                 
0.119131                 
0.12508                  
0.130955                 
0.13675                  
0.142458                 
0.148071                 
0.153581                 
0.158978                 
0.164252                 
0.16939                  
0.17438                  
0.179207                 
0.183853                 
0.188298                 
0.192522                 
0.196496                 
0.20019                  
0.203568                 
0.206585                 
0.20919                  
0.211316                 
0.212882                 
0.213784                 
0.213889                 
0.213019                 
0.210927                 
0.207264                 
0.20151                  
0.19283                  
0.179776                 
0.159476                 
0.124853                 
