#Solution of linear sistem Ax = b through Gauss-Seidel algorithm. A is 100x100 matrix. x and b are 100vectors.
# 1-solution             
-0.0832054               
-0.156614                
-0.188849                
-0.207361                
-0.219017                
-0.226561                
-0.231369                
-0.234225                
-0.235619                
-0.23588                 
-0.235236                
-0.233854                
-0.231859                
-0.229348                
-0.226395                
-0.223063                
-0.2194                  
-0.215446                
-0.211237                
-0.2068                  
-0.20216                 
-0.197338                
-0.192353                
-0.187219                
-0.181952                
-0.176563                
-0.171063                
-0.165462                
-0.15977                 
-0.153994                
-0.148141                
-0.142217                
-0.13623                 
-0.130185                
-0.124086                
-0.117939                
-0.111748                
-0.105518                
-0.0992513               
-0.092953                
-0.0866263               
-0.0802745               
-0.0739009               
-0.0675087               
-0.0611008               
-0.0546802               
-0.0482498               
-0.0418124               
-0.0353707               
-0.0289274               
-0.0224853               
-0.0160471               
-0.00961544              
-0.00319317              
0.00321697               
0.00961216               
0.0159895                
0.0223461                
0.0286787                
0.0349844                
0.0412597                
0.0475012                
0.0537054                
0.0598683                
0.0659861                
0.0720543                
0.0780685                
0.0840237                
0.0899147                
0.0957359                
0.101481                 
0.107143                 
0.112716                 
0.11819                  
0.123558                 
0.128809                 
0.133932                 
0.138916                 
0.143746                 
0.148407                 
0.152881                 
0.157148                 
0.161184                 
0.164963                 
0.168452                 
0.171613                 
0.1744                   
0.176759                 
0.178622                 
0.179903                 
0.180495                 
0.180257                 
0.179004                 
0.176479                 
0.172314                 
0.16596                  
0.156539                 
0.142511                 
0.1208                   
0.0837152                
