#Solution of linear sistem Ax = b through Gauss-Seidel algorithm. A is 100x100 matrix. x and b are 100vectors.
# 1-solution             
-0.0825354               
-0.155319                
-0.187332                
-0.205717                
-0.217283                
-0.22476                 
-0.229513                
-0.232322                
-0.233677                
-0.233902                
-0.233227                
-0.231816                
-0.229794                
-0.227259                
-0.224283                
-0.22093                 
-0.217246                
-0.213274                
-0.209046                
-0.204592                
-0.199936                
-0.195098                
-0.190097                
-0.184948                
-0.179666                
-0.174263                
-0.16875                 
-0.163136                
-0.15743                 
-0.151641                
-0.145776                
-0.139841                
-0.133842                
-0.127784                
-0.121674                
-0.115516                
-0.109314                
-0.103072                
-0.0967946               
-0.0904854               
-0.0841479               
-0.0777855               
-0.0714014               
-0.0649986               
-0.0585803               
-0.0521494               
-0.0457086               
-0.0392608               
-0.0328088               
-0.0263553               
-0.0199029               
-0.0134545               
-0.00701257              
-0.000580011             
0.00584045               
0.012246                 
0.0186337                
0.0250007                
0.0313439                
0.0376601                
0.0439461                
0.0501984                
0.0564134                
0.0625874                
0.0687162                
0.0747957                
0.0808212                
0.0867881                
0.0926908                
0.098524                 
0.104281                 
0.109956                 
0.115541                 
0.121029                 
0.12641                  
0.131674                 
0.136812                 
0.14181                  
0.146655                 
0.151331                 
0.155822                 
0.160105                 
0.164159                 
0.167956                 
0.171464                 
0.174646                 
0.177455                 
0.179837                 
0.181724                 
0.183032                 
0.183653                 
0.183448                 
0.18223                  
0.179745                 
0.175628                 
0.16933                  
0.159978                 
0.146042                 
0.124463                 
0.0876113                
