#Solution of linear sistem Ax = b through Gauss-Seidel algorithm. A is 100x100 matrix. x and b are 100vectors.
# 1-solution             
-0.0381223               
-0.0697978               
-0.0852179               
-0.0936421               
-0.0981742               
-0.100229                
-0.10057                 
-0.0996558               
-0.097783                
-0.0951552               
-0.0919177               
-0.0881781               
-0.0840183               
-0.0795019               
-0.0746795               
-0.0695921               
-0.064273                
-0.0587501               
-0.0530467               
-0.0471825               
-0.0411746               
-0.0350375               
-0.0287839               
-0.0224251               
-0.0159708               
-0.0094297               
-0.00280964              
0.00388243               
0.0106402                
0.017458                 
0.0243307                
0.0312534                
0.0382218                
0.0452319                
0.05228                  
0.0593625                
0.0664763                
0.0736182                
0.0807855                
0.0879753                
0.0951851                
0.102412                 
0.109655                 
0.11691                  
0.124176                 
0.13145                  
0.138731                 
0.146016                 
0.153303                 
0.160591                 
0.167877                 
0.175159                 
0.182435                 
0.189703                 
0.196961                 
0.204208                 
0.21144                  
0.218656                 
0.225853                 
0.233029                 
0.240182                 
0.247309                 
0.254407                 
0.261474                 
0.268506                 
0.2755                   
0.282453                 
0.289362                 
0.296222                 
0.303029                 
0.309779                 
0.316466                 
0.323086                 
0.329632                 
0.336098                 
0.342477                 
0.348761                 
0.35494                  
0.361006                 
0.366945                 
0.372747                 
0.378395                 
0.383873                 
0.389162                 
0.394239                 
0.399076                 
0.403642                 
0.407898                 
0.411796                 
0.415277                 
0.418269                 
0.420676                 
0.422374                 
0.423193                 
0.422899                 
0.421147                 
0.417404                 
0.410787                 
0.399654                 
0.380405                 
