#Outputting the error for the solution of linear sistem Ax = b through Gauss-Seidel algorithm. A is 500x500 matrix. x and b are 500vectors.
# 1-Error      
0              0.000996285              254                      
0
0
0
0
0
0
0
0
0
0
0
0
0
0
0
0
0
0
0
0
0
0
0
0
0
0
0
0
0
0
0
0
0
0
0
0
0
0
0
0
0
0
0
0
0
0
0
0
0
0
0
0
0
0
0
0
0
0
0
0
0
0
0
0
0
0
0
0
0
0
0
0
0
0
0
0
0
0
0
0
0
0
0
0
0
0
0
0
0
0
0
0
0
0
0
0
0
0
0
0
0
0
0
0
0
0
0
0
0
0
0
0
0
0
0
0
0
0
0
0
0
0
0
0
0
0
0
0
0
0
0
0
0
0
0
0
0
0
0
0
0
0
0
0
0
0
0
0
0
0
0
0
0
0
0
0
0
0
0
0
0
0
0
0
0
0
0
0
0
0
0
0
0
0
0
0
0
0
0
0
0
0
0
0
0
0
0
0
0
0
0
0
0
0
0
0
0
0
0
0
0
0
0
0
0
0
0
0
0
0
0
0
0
0
0
0
0
0
0
0
0
0
0
0
0
0
0
0
0
0
0
0
0
0
0
0
0
0
0
0
0
0
0
0
0
3.45447e-77
4.43899e-75
2.86324e-73
1.23604e-71
4.01749e-70
1.04869e-68
2.28999e-67
4.30268e-66
7.10092e-65
1.04567e-63
1.39111e-62
1.68882e-61
1.88647e-60
1.95248e-59
1.88349e-58
1.70214e-57
1.44747e-56
1.1628e-55
8.85473e-55
6.41152e-54
4.42649e-53
2.92115e-52
1.84681e-51
1.12088e-50
6.54301e-50
3.67985e-49
1.99713e-48
1.04747e-47
5.31654e-47
2.61466e-46
1.24742e-45
5.77965e-45
2.6033e-44
1.14105e-43
4.87114e-43
2.02711e-42
8.22986e-42
3.26218e-41
1.26338e-40
4.78375e-40
1.77211e-39
6.4264e-39
2.28272e-38
7.94673e-38
2.71271e-37
9.08487e-37
2.98636e-36
9.63999e-36
3.05712e-35
9.5287e-35
2.92023e-34
8.80303e-34
2.6112e-33
7.62428e-33
2.19208e-32
6.20812e-32
1.73239e-31
4.76486e-31
1.29212e-30
3.45561e-30
9.11675e-30
2.37336e-29
6.09831e-29
1.54698e-28
3.87521e-28
9.58833e-28
2.34383e-27
5.66162e-27
1.3517e-26
3.19031e-26
7.44538e-26
1.71841e-25
3.92315e-25
8.86116e-25
1.98048e-24
4.3808e-24
9.59202e-24
2.07927e-23
4.46302e-23
9.48699e-23
1.99745e-22
4.16617e-22
8.6094e-22
1.76297e-21
3.57776e-21
7.19668e-21
1.43504e-20
2.83699e-20
5.56124e-20
1.08108e-19
2.08433e-19
3.98608e-19
7.56222e-19
1.42338e-18
2.65834e-18
4.92676e-18
9.0619e-18
1.65435e-17
2.99799e-17
5.39346e-17
9.63346e-17
1.70849e-16
3.00885e-16
5.26237e-16
9.14104e-16
1.57717e-15
2.70313e-15
4.60254e-15
7.7858e-15
1.30864e-14
2.18564e-14
3.62756e-14
5.98356e-14
9.80944e-14
1.59846e-13
2.58916e-13
4.16916e-13
6.6742e-13
1.06228e-12
1.68112e-12
2.64548e-12
4.13984e-12
6.44262e-12
9.97167e-12
1.53506e-11
2.35051e-11
3.58016e-11
5.42464e-11
8.17693e-11
1.22627e-10
1.82971e-10
2.71644e-10
4.01295e-10
5.89922e-10
8.6301e-10
1.25646e-09
1.82059e-09
2.62562e-09
3.76899e-09
5.38533e-09
7.65976e-09
1.08456e-08
1.52878e-08
2.1454e-08
2.99754e-08
4.16997e-08
5.77604e-08
7.96663e-08
1.09417e-07
1.4965e-07
2.03831e-07
2.7649e-07
3.73529e-07
5.02597e-07
6.7357e-07
8.99144e-07
1.19557e-06
1.58357e-06
2.08944e-06
2.74644e-06
3.59643e-06
4.69191e-06
6.09846e-06
7.89763e-06
1.01905e-05
1.31017e-05
1.67846e-05
2.14268e-05
2.72571e-05
3.45537e-05
4.3653e-05
5.49605e-05
6.89635e-05
8.62446e-05
0.000107498
0.000133549
0.000165373
0.000204119
0.000251137
0.000308004
0.000376561
0.000458943
0.00055762
0.00067544
0.00081567
0.000982053
0.00117885
0.0014109
0.00168368
0.00200337
0.00237691
0.00281204
0.00331744
0.0039027
0.00457846
0.00535646
0.00624956
0.00727188
0.00843876
0.0097669
0.0112743
0.0129805
0.0149063
0.017074
0.0195073
0.0222315
0.025273
0.0286598
0.0324212
0.0365874
0.0411901
0.0462619
0.051836
0.0579466
0.0646282
0.0719159
0.0798446
0.0884493
0.0977644
0.107824
0.118661
0.130307
0.142792
0.156145
0.170392
0.185558
0.201663
0.218725
0.236761
0.255781
0.275793
0.296802
0.318806
0.341803
0.365782
0.39073
0.41663
0.443459
0.47119
0.49979
0.529225
0.559454
0.590433
0.622112
0.654441
0.687363
0.720821
0.754753
0.789095
0.823783
0.858747
0.893921
0.929234
0.964617
